TIMESIG 4 4
PART 26112 3456
BEATLEN 384
QUANTLEN 0
TYPE MIDI
CONTROLLER 0 7 60 0
NOTE 0 60 384 70
NOTE 384 64 192 114
NOTE 576 65 192 114
CONTROLLER 768 262144 -6106 0
NOTE 768 67 384 114
CONTROLLER 792 262144 -4319 0
CONTROLLER 816 262144 -3128 0
CONTROLLER 840 262144 -1936 0
CONTROLLER 864 262144 -596 0
CONTROLLER 888 262144 0 0
CONTROLLER 1152 262144 -3128 0
NOTE 1152 67 192 114
CONTROLLER 1176 262144 -1043 0
CONTROLLER 1200 262144 0 0
NOTE 1536 67 192 108
NOTE 1728 67 192 106
NOTE 1920 69 288 105
NOTE 2208 67 96 101
NOTE 2304 64 192 99
NOTE 2496 65 192 99
CONTROLLER 2688 262144 -7338 0
NOTE 2688 67 768 99
CONTROLLER 2736 262144 -6656 0
CONTROLLER 2784 262144 -5632 0
CONTROLLER 2832 262144 -3584 0
CONTROLLER 2880 262144 -2048 0
CONTROLLER 2928 262144 -683 0
CONTROLLER 2976 262144 -171 0
CONTROLLER 3024 262144 0 0
CONTROLLER 3072 262144 -5290 0
CONTROLLER 3120 262144 -3925 0
CONTROLLER 3168 262144 -2901 0
CONTROLLER 3216 262144 -2219 0
CONTROLLER 3264 262144 -1707 0
CONTROLLER 3312 262144 -1195 0
CONTROLLER 3360 262144 -683 0
CONTROLLER 3408 262144 0 0
