TIMESIG 6 8
PART 24192 4608
BEATLEN 192
QUANTLEN 24
TYPE MIDI
NOTE 0 67 49 112
NOTE 96 67 49 112
NOTE 192 69 49 114
NOTE 288 70 49 65
NOTE 288 69 49 114
NOTE 384 70 49 65
NOTE 480 69 49 115
NOTE 576 67 49 115
NOTE 576 69 49 115
NOTE 672 67 49 115
NOTE 768 65 49 107
NOTE 864 64 49 100
NOTE 864 65 49 107
NOTE 960 64 49 100
NOTE 1056 65 49 107
NOTE 1152 67 49 112
NOTE 1152 65 49 107
NOTE 1248 67 49 112
NOTE 1344 69 49 114
NOTE 1440 70 49 65
NOTE 1440 69 49 114
NOTE 1536 70 49 65
NOTE 1632 69 49 115
NOTE 1728 67 49 115
NOTE 1728 69 49 115
NOTE 1824 67 49 115
NOTE 1920 65 49 107
NOTE 2016 64 49 100
NOTE 2016 65 49 107
NOTE 2112 64 49 100
NOTE 2208 65 49 107
NOTE 2304 67 49 107
NOTE 2304 65 49 107
NOTE 2400 67 49 107
NOTE 2496 69 49 114
NOTE 2592 70 49 65
NOTE 2592 69 49 114
NOTE 2688 70 49 65
NOTE 2784 69 49 115
NOTE 2880 67 49 115
NOTE 2880 69 49 115
NOTE 2976 67 49 115
NOTE 3072 65 49 107
NOTE 3168 64 49 100
NOTE 3168 65 49 107
NOTE 3264 64 49 100
NOTE 3360 62 49 107
NOTE 3456 64 49 103
NOTE 3456 62 49 107
NOTE 3552 64 49 103
NOTE 3648 65 49 107
NOTE 3744 67 49 107
NOTE 3744 65 49 107
NOTE 3840 67 49 107
