TIMESIG 6 8
PART 24192 4608
BEATLEN 192
QUANTLEN 96
TYPE MIDI
NOTE 0 67 192 112
NOTE 192 69 192 114
NOTE 288 70 192 65
NOTE 480 69 192 115
NOTE 576 67 192 115
NOTE 768 65 192 107
NOTE 864 64 192 100
NOTE 1056 65 192 107
NOTE 1152 67 192 112
NOTE 1344 69 192 114
NOTE 1440 70 192 65
NOTE 1632 69 192 115
NOTE 1728 67 192 115
NOTE 1920 65 192 107
NOTE 2016 64 192 100
NOTE 2208 65 192 107
NOTE 2304 67 192 107
NOTE 2496 69 192 114
NOTE 2592 70 192 65
NOTE 2784 69 192 115
NOTE 2880 67 192 115
NOTE 3072 65 192 107
NOTE 3168 64 192 100
NOTE 3360 62 192 107
NOTE 3456 64 192 103
NOTE 3648 65 192 107
NOTE 3744 67 192 107
