TIMESIG 4 4
PART 31104 6144
BEATLEN 384
QUANTLEN 32
TYPE MIDI
NOTE 0 64 96 119
NOTE 96 64 192 115
NOTE 288 62 96 119
NOTE 384 64 96 119
NOTE 480 65 96 115
NOTE 576 64 96 114
NOTE 672 60 96 109
NOTE 768 64 96 119
NOTE 864 64 192 115
NOTE 1056 62 96 119
NOTE 1152 64 96 119
NOTE 1248 65 96 115
NOTE 1344 64 96 114
NOTE 1440 60 96 109
NOTE 1536 71 96 119
NOTE 1632 71 192 115
NOTE 1824 69 96 119
NOTE 1920 71 96 119
NOTE 2016 72 96 115
NOTE 2112 71 96 114
NOTE 2208 67 96 109
NOTE 2304 64 96 119
NOTE 2400 64 192 115
NOTE 2592 62 96 119
NOTE 2688 64 96 119
NOTE 2784 65 96 115
NOTE 2880 67 193 109
NOTE 3072 56 96 119
NOTE 3168 64 192 115
NOTE 3360 62 96 119
NOTE 3456 64 96 119
NOTE 3552 65 96 115
NOTE 3648 64 96 114
NOTE 3744 60 96 109
NOTE 3840 71 96 119
NOTE 3936 71 192 115
NOTE 4128 69 96 119
NOTE 4224 71 96 119
NOTE 4320 72 96 115
NOTE 4416 71 96 114
NOTE 4512 67 96 109
NOTE 4608 64 96 119
NOTE 4704 64 192 115
NOTE 4896 62 96 119
NOTE 4992 67 384 115
NOTE 5376 71 96 119
NOTE 5472 71 192 115
NOTE 5664 69 96 119
NOTE 5760 71 96 119
NOTE 5856 72 96 115
NOTE 5952 74 96 114
NOTE 6048 72 96 109
