TIMESIG 4 4
PART 0 49152
BEATLEN 384
QUANTLEN 1536
TYPE MIDI
NOTE 3248 25 106 43
NOTE 3248 26 108 44
NOTE 4742 26 142 75
NOTE 4918 38 218 76
NOTE 5108 26 138 91
NOTE 5302 38 216 59
NOTE 5500 26 134 78
NOTE 5690 38 240 64
NOTE 5886 26 186 78
NOTE 6096 38 164 73
NOTE 6274 21 142 40
NOTE 6454 33 220 48
NOTE 6650 21 132 91
NOTE 6836 33 230 67
NOTE 7018 21 126 85
NOTE 7226 33 236 61
NOTE 7428 21 148 82
NOTE 7620 33 144 59
NOTE 7800 23 146 78
NOTE 7994 35 192 70
NOTE 8180 23 126 88
NOTE 8384 35 200 63
NOTE 8566 23 128 93
NOTE 8750 35 238 69
NOTE 8942 23 162 93
NOTE 9156 35 164 52
NOTE 9338 19 168 67
NOTE 9524 31 218 78
NOTE 9700 19 144 75
NOTE 9912 31 238 69
NOTE 10094 19 134 70
NOTE 10302 31 298 67
NOTE 10494 19 158 61
NOTE 10696 31 158 72
