TIMESIG 4 4
PART 0 12288
BEATLEN 384
QUANTLEN 0
TYPE MIDI
NOTE 1212 67 76 46
NOTE 1372 67 80 46
NOTE 1524 67 78 52
NOTE 1672 67 122 60
NOTE 1858 72 408 69
NOTE 2336 71 122 47
NOTE 2502 69 234 72
NOTE 2834 69 162 80
NOTE 2986 67 102 64
NOTE 3154 69 462 85
NOTE 3726 71 232 47
NOTE 4052 71 86 46
NOTE 4210 71 142 54
NOTE 4394 69 226 58
NOTE 4698 67 88 48
NOTE 4846 67 102 55
NOTE 5018 67 756 57
NOTE 6620 72 100 46
NOTE 6796 72 152 40
NOTE 7020 76 174 55
NOTE 7178 74 182 66
NOTE 7358 72 520 67
NOTE 7828 71 170 49
NOTE 8042 69 342 47
NOTE 8400 71 184 56
NOTE 8576 72 216 50
NOTE 8748 74 640 75
NOTE 9514 77 214 67
NOTE 9852 77 206 62
NOTE 10056 76 178 60
NOTE 10230 74 366 66
NOTE 10594 72 246 59
NOTE 10790 69 224 46
NOTE 10984 72 632 66
