TIMESIG 4 4
PART 0 12288
BEATLEN 384
QUANTLEN 48
TYPE MIDI
NOTE 12 67 76 46
NOTE 172 67 80 46
NOTE 324 67 78 52
NOTE 472 67 122 60
NOTE 658 72 408 69
NOTE 1136 71 122 47
NOTE 1302 69 234 72
NOTE 1634 69 162 80
NOTE 1786 67 102 64
NOTE 1954 69 462 85
NOTE 2526 71 232 47
NOTE 2852 71 86 46
NOTE 3010 71 142 54
NOTE 3194 69 226 58
NOTE 3498 67 88 48
NOTE 3646 67 102 55
NOTE 3818 67 756 57
NOTE 5420 72 100 46
NOTE 5596 72 152 40
NOTE 5820 76 174 55
NOTE 5978 74 182 66
NOTE 6158 72 520 67
NOTE 6628 71 170 49
NOTE 6842 69 342 47
NOTE 7200 71 184 56
NOTE 7376 72 216 50
NOTE 7548 74 640 75
NOTE 8314 77 214 67
NOTE 8652 77 206 62
NOTE 8856 76 178 60
NOTE 9030 74 366 66
NOTE 9394 72 246 59
NOTE 9590 69 224 46
NOTE 9784 72 632 66
